1 10 1 2 0.0000000000000000 1.0000000000000000 1
1 2 2 1 -0.6000000000000000 -0.8000000000000000 1
2 8 2 1 -0.8320502943378437 0.5547001962252291 1
2 4 3 1 0.0000000000000001 -1.0000000000000000 1
3 4 2 3 -0.7071067811865476 0.7071067811865476 1
4 6 2 2 -0.7071067811865475 -0.7071067811865476 1
5 9 1 1 0.8320502943378437 0.5547001962252291 1
7 11 2 2 0.7071067811865475 -0.7071067811865476 1
9 10 2 1 0.6000000000000000 -0.8000000000000000 1
9 11 3 3 0.0000000000000001 1.0000000000000000 1
11 12 1 2 0.7071067811865476 0.7071067811865476 1
1 0 3 0 1.0000000000000000 0.0000000000000000 4
3 0 1 0 1.0000000000000000 0.0000000000000000 4
3 0 3 0 0.0000000000000000 -1.0000000000000000 -3
5 0 2 0 -1.0000000000000000 0.0000000000000000 3
5 0 3 0 -0.0000000000000004 -1.0000000000000000 3
6 0 1 0 0.0000000000000000 -1.0000000000000000 -3
6 0 3 0 -1.0000000000000000 0.0000000000000000 3
7 0 1 0 -1.0000000000000000 0.0000000000000000 3
7 0 3 0 0.0000000000000000 1.0000000000000000 2
8 0 2 0 -0.0000000000000004 1.0000000000000000 3
8 0 3 0 -1.0000000000000000 0.0000000000000000 3
10 0 3 0 1.0000000000000000 0.0000000000000000 4
12 0 1 0 0.0000000000000000 1.0000000000000000 2
12 0 3 0 1.0000000000000000 0.0000000000000000 4
