1 59 1 2 -0.9995571044719520 0.0297589465480052 1
1 73 2 1 0.1555427542095635 -0.9878291611472621 1
1 90 3 3 0.5607344538732016 0.8279956957856256 1
2 34 1 2 0.0000000000000000 -1.0000000000000000 1
2 122 2 1 0.8660254037844386 0.5000000000000000 1
2 121 3 2 -0.8660254037844384 0.5000000000000004 1
3 61 2 1 0.5481600222767138 -0.8363734751757690 1
3 59 3 1 0.4740065485355395 0.8805213182799296 1
4 22 1 3 -1.0000000000000000 0.0000000000000000 1
4 103 2 3 0.5000000000000003 -0.8660254037844385 1
4 104 3 2 0.5000000000000003 0.8660254037844385 1
5 135 1 2 0.5430145814108670 0.8397232665439138 1
5 89 2 2 -0.9971796358531873 0.0750518077044433 1
5 87 3 3 0.1912371457521437 -0.9815438625372650 1
6 61 1 2 0.2753084269675602 0.9613559538696620 1
6 62 3 1 0.7306773461613026 -0.6827229422003304 1
7 166 1 2 -0.8660254037844389 0.4999999999999997 1
7 180 2 3 -0.2067585570051807 -0.9783919966481407 1
7 41 3 2 0.8279956957856256 0.5607344538732018 1
8 210 1 1 0.0976078924529995 0.9952249491099404 1
8 55 2 2 -0.8660254037844390 -0.4999999999999994 1
8 211 3 3 0.8380279932152552 -0.5456272377618369 1
9 74 1 2 0.8380279932152550 -0.5456272377618373 1
9 91 2 3 0.5456272377618376 0.8380279932152549 1
9 90 3 1 -0.9783919966481407 -0.2067585570051806 1
10 193 1 2 0.5000000000000000 0.8660254037844386 1
10 197 2 1 -1.0000000000000000 0.0000000000000000 1
10 35 3 1 0.5000000000000000 -0.8660254037844386 1
11 231 1 2 0.5000000000000000 0.8660254037844386 1
11 228 2 3 -1.0000000000000000 0.0000000000000000 1
11 227 3 1 0.5000000000000003 -0.8660254037844386 1
12 70 1 3 0.8660254037844387 0.4999999999999999 1
12 65 2 3 -0.8660254037844387 0.4999999999999999 1
13 58 1 1 1.0000000000000000 0.0000000000000000 1
13 95 2 2 -0.4999999999999999 0.8660254037844387 1
13 57 3 3 -0.4999999999999999 -0.8660254037844387 1
14 87 1 2 -0.8660254037844386 0.5000000000000000 1
14 80 2 3 0.0000000000000000 -1.0000000000000000 1
14 47 3 1 0.8660254037844386 0.5000000000000000 1
15 210 1 3 0.7071067811865476 -0.7071067811865476 1
15 33 2 2 0.5000000000000000 0.8660254037844386 1
15 209 3 2 -0.9996723142893361 0.0255981257790998 1
16 70 1 2 0.0000000000000000 -1.0000000000000000 1
16 67 2 3 0.8660254037844387 0.4999999999999999 1
16 20 3 1 -0.8660254037844387 0.4999999999999999 1
17 217 1 2 -0.8660254037844385 -0.5000000000000003 1
17 39 2 1 0.8805213182799296 -0.4740065485355395 1
17 54 3 2 0.0297589465480052 0.9995571044719520 1
18 66 1 1 0.1005801057128603 -0.9949289634616080 1
18 73 2 2 0.7179154103821740 0.6961303495293068 1
18 61 3 3 -0.9913584037511458 0.1311812307915283 1
19 85 1 1 1.0000000000000000 0.0000000000000000 1
19 98 2 1 -0.4999999999999995 0.8660254037844389 1
19 58 3 3 -0.4999999999999999 -0.8660254037844387 1
20 75 2 1 0.0000000000000000 1.0000000000000000 1
20 68 3 2 -0.8660254037844387 -0.4999999999999999 1
21 48 1 3 0.0000000000000000 -1.0000000000000000 1
21 207 2 2 0.8660254037844384 0.5000000000000004 1
21 80 3 2 -0.8660254037844386 0.5000000000000000 1
22 106 1 3 -0.5000000000000003 0.8660254037844385 1
22 99 2 1 -0.5000000000000003 -0.8660254037844385 1
23 146 1 3 0.9896213968621136 0.1436993071405676 1
23 142 2 3 -0.8013787550594079 0.5981572459976002 1
23 202 3 2 -0.5981572459976002 -0.8013787550594079 1
24 132 1 1 -0.4999999999999994 -0.8660254037844390 1
24 134 2 3 0.9952249491099404 0.0976078924530000 1
24 133 3 3 -0.5456272377618372 0.8380279932152551 1
25 155 1 2 0.0000000000000000 1.0000000000000000 1
25 140 2 1 -0.8660254037844386 -0.5000000000000000 1
25 46 3 3 0.8660254037844384 -0.5000000000000004 1
26 107 1 1 0.0000000000000000 -1.0000000000000000 1
26 121 2 1 0.8660254037844386 0.5000000000000000 1
26 120 3 2 -0.8660254037844386 0.5000000000000000 1
27 31 1 2 -0.5000000000000004 -0.8660254037844384 1
27 37 2 2 0.9971796358531873 0.0750518077044433 1
27 139 3 2 -0.4335930458546008 0.9011088006375977 1
28 91 1 1 -0.9952249491099405 0.0976078924530000 1
28 76 2 2 0.0976078924529993 -0.9952249491099405 1
28 32 3 3 0.7071067811865474 0.7071067811865478 1
29 117 1 3 0.0000000000000000 -1.0000000000000000 1
29 34 2 3 0.8660254037844384 0.5000000000000004 1
29 107 3 3 -0.8660254037844386 0.5000000000000000 1
30 68 1 3 0.8660254037844385 -0.5000000000000003 1
30 74 2 3 0.0000000000000000 1.0000000000000000 1
30 72 3 3 -0.8660254037844387 -0.4999999999999999 1
31 89 1 3 0.5000000000000004 -0.8660254037844384 1
31 101 3 2 -1.0000000000000000 0.0000000000000000 1
32 79 1 3 0.8660254037844386 -0.5000000000000000 1
32 78 2 1 0.0255981257790998 0.9996723142893361 1
33 203 1 1 -0.5000000000000000 0.8660254037844386 1
33 200 3 2 1.0000000000000000 0.0000000000000000 1
34 127 1 2 0.8660254037844386 -0.5000000000000000 1
35 195 2 2 -0.5000000000000000 -0.8660254037844386 1
36 46 1 2 -0.8660254037844384 -0.5000000000000004 1
36 151 2 3 0.8660254037844384 -0.5000000000000004 1
36 164 3 3 0.0000000000000000 1.0000000000000000 1
37 143 1 2 0.1912371457521437 0.9815438625372650 1
37 135 3 1 0.5430145814108677 -0.8397232665439134 1
38 122 1 2 -0.8660254037844386 0.5000000000000000 1
38 128 2 3 0.0000000000000000 -1.0000000000000000 1
38 158 3 3 0.8660254037844386 0.5000000000000000 1
39 224 3 2 0.8363734751757691 0.5481600222767136 1
40 187 1 1 0.4999999999999997 -0.8660254037844389 1
40 45 2 2 0.5000000000000004 0.8660254037844384 1
40 179 3 3 -1.0000000000000000 0.0000000000000000 1
41 162 1 2 -0.0297589465480046 0.9995571044719520 1
41 168 3 2 0.9878291611472619 -0.1555427542095636 1
42 188 2 3 -0.4999999999999997 0.8660254037844389 1
42 186 3 1 -0.5000000000000004 -0.8660254037844384 1
43 166 1 3 0.0000000000000000 -1.0000000000000000 1
43 170 2 3 0.8660254037844389 0.4999999999999997 1
43 161 3 1 -0.8660254037844389 0.4999999999999997 1
44 174 2 3 -0.9613559538696620 -0.2753084269675600 1
44 173 3 1 0.6827229422003305 -0.7306773461613026 1
45 168 1 3 -0.4999999999999997 0.8660254037844389 1
45 178 3 1 1.0000000000000000 0.0000000000000000 1
46 153 1 2 0.0000000000000000 -1.0000000000000000 1
47 82 2 2 0.8397232665439133 -0.5430145814108679 1
47 202 3 1 -0.1436993071405667 0.9896213968621137 1
48 77 1 2 -0.8660254037844387 -0.4999999999999998 1
48 50 2 1 0.8660254037844385 -0.5000000000000002 1
49 147 1 3 -0.6099425156372292 0.7924456622495504 1
49 201 2 1 -0.4335930458546006 -0.9011088006375979 1
49 149 3 2 1.0000000000000000 0.0000000000000000 1
50 51 2 2 0.0000000000000000 -1.0000000000000000 1
50 206 3 2 0.8660254037844385 0.5000000000000002 1
51 216 1 3 0.8660254037844380 -0.5000000000000012 1
51 220 3 2 -0.8660254037844389 -0.4999999999999995 1
52 214 1 3 -0.5000000000000004 -0.8660254037844384 1
52 195 2 3 1.0000000000000000 0.0000000000000000 1
52 194 3 1 -0.5000000000000000 0.8660254037844386 1
53 206 1 1 0.0000000000000000 -1.0000000000000000 1
53 209 2 1 0.7924456622495498 0.6099425156372299 1
53 207 3 3 -0.9011088006375984 0.4335930458545996 1
54 215 1 2 -0.8279956957856256 0.5607344538732016 1
54 225 3 2 0.9878291611472621 0.1555427542095635 1
55 56 1 3 0.0000000000000000 -1.0000000000000000 1
55 206 3 3 -0.8660254037844385 0.5000000000000002 1
56 216 1 2 -0.8660254037844385 -0.5000000000000003 1
56 218 2 3 0.8660254037844389 -0.4999999999999995 1
57 59 2 3 0.5000000000000003 -0.8660254037844385 1
58 90 2 2 0.4999999999999999 -0.8660254037844387 1
60 64 1 2 0.8660254037844387 0.4999999999999999 1
60 66 2 3 -0.8660254037844386 0.5000000000000001 1
62 66 3 2 0.9487182895800749 0.3161227720621485 1
63 64 1 3 -0.8660254037844387 0.4999999999999999 1
63 65 3 2 0.8660254037844385 0.5000000000000003 1
64 72 1 2 0.0000000000000000 1.0000000000000000 1
65 68 1 1 0.0000000000000000 1.0000000000000000 1
67 220 1 3 0.8660254037844387 -0.4999999999999999 1
67 77 2 1 0.0000000000000000 1.0000000000000000 1
69 71 2 3 0.8660254037844387 0.4999999999999999 1
69 70 3 1 -0.8660254037844387 0.4999999999999999 1
71 221 1 3 0.8660254037844389 -0.4999999999999995 1
71 220 2 1 0.0000000000000000 1.0000000000000000 1
72 73 1 3 -0.8660254037844387 0.4999999999999999 1
74 76 1 3 0.8380279932152547 0.5456272377618378 1
75 81 2 1 0.8660254037844387 0.4999999999999998 1
75 76 3 1 -0.8660254037844387 0.4999999999999998 1
77 81 3 2 -0.8660254037844387 0.4999999999999998 1
78 87 2 1 0.7340438307645124 0.6791020943249697 1
78 84 3 2 -0.6099425156372295 0.7924456622495502 1
79 81 1 3 0.0000000000000000 -1.0000000000000000 1
79 80 2 1 0.8660254037844386 0.5000000000000000 1
82 205 1 1 0.9815438625372651 0.1912371457521429 1
82 207 3 1 -0.0750518077044427 -0.9971796358531875 1
83 152 1 2 0.8660254037844386 -0.5000000000000000 1
83 140 2 3 0.0000000000000000 1.0000000000000000 1
83 143 3 3 -0.8660254037844386 -0.5000000000000000 1
84 93 1 2 -1.0000000000000000 0.0000000000000000 1
84 89 3 1 0.4335930458545999 0.9011088006375984 1
85 91 2 2 0.4999999999999994 -0.8660254037844390 1
85 93 3 1 0.4999999999999998 0.8660254037844387 1
86 135 1 3 -1.0000000000000000 0.0000000000000000 1
86 202 2 3 0.8013787550594077 -0.5981572459976005 1
86 142 3 2 0.8013787550594081 0.5981572459975998 1
88 94 1 1 0.4999999999999999 -0.8660254037844387 1
88 103 2 1 0.5000000000000003 0.8660254037844385 1
88 100 3 1 -1.0000000000000000 0.0000000000000000 1
92 93 1 3 0.4999999999999998 -0.8660254037844387 1
92 101 2 1 0.5000000000000002 0.8660254037844385 1
92 94 3 3 -1.0000000000000000 0.0000000000000000 1
94 98 2 2 -0.5000000000000003 -0.8660254037844385 1
95 96 3 3 0.4999999999999999 0.8660254037844387 1
96 98 1 3 1.0000000000000000 0.0000000000000000 1
96 97 2 1 -0.4999999999999999 0.8660254037844387 1
97 100 2 3 0.4999999999999999 0.8660254037844387 1
99 100 3 2 0.5000000000000003 -0.8660254037844385 1
101 137 3 2 -0.5000000000000002 0.8660254037844385 1
102 105 1 3 -1.0000000000000000 0.0000000000000000 1
102 104 2 1 0.4999999999999995 -0.8660254037844389 1
102 115 3 1 0.4999999999999995 0.8660254037844389 1
103 137 2 1 1.0000000000000000 0.0000000000000000 1
104 132 3 2 1.0000000000000000 0.0000000000000000 1
105 108 1 2 -0.4999999999999995 0.8660254037844389 1
105 106 2 1 -0.4999999999999995 -0.8660254037844389 1
107 118 2 2 -0.8660254037844386 -0.5000000000000000 1
108 109 3 1 0.5000000000000003 0.8660254037844385 1
109 119 2 1 0.9995571044719520 0.0297589465480054 1
109 112 3 2 -0.4740065485355396 0.8805213182799296 1
110 116 1 2 -0.1005801057128616 -0.9949289634616080 1
110 120 2 1 0.8660254037844386 0.5000000000000003 1
110 113 3 2 -0.9487182895800748 0.3161227720621490 1
111 114 1 3 0.2753084269675614 -0.9613559538696617 1
111 113 2 1 0.7306773461613022 0.6827229422003310 1
112 114 3 1 0.5481600222767137 0.8363734751757691 1
114 116 2 3 0.9913584037511457 0.1311812307915279 1
115 133 2 2 0.9783919966481407 -0.2067585570051807 1
115 119 3 2 -0.5607344538732016 0.8279956957856256 1
116 118 1 3 0.7179154103821737 -0.6961303495293070 1
117 133 1 1 -0.8380279932152550 -0.5456272377618373 1
117 129 2 1 0.8380279932152547 -0.5456272377618378 1
118 119 1 3 -0.1555427542095635 -0.9878291611472621 1
123 126 1 2 -0.8660254037844386 -0.5000000000000000 1
123 155 2 1 0.8660254037844386 -0.5000000000000000 1
123 157 3 2 0.0000000000000000 1.0000000000000000 1
124 160 1 2 0.8660254037844384 0.5000000000000004 1
124 158 2 1 -0.8660254037844386 0.5000000000000000 1
124 125 3 2 0.0000000000000000 -1.0000000000000000 1
125 156 1 2 0.8660254037844384 -0.5000000000000004 1
125 157 3 3 -0.8660254037844386 -0.5000000000000000 1
126 141 1 1 0.0000000000000000 -1.0000000000000000 1
126 130 3 2 -0.8660254037844386 0.5000000000000000 1
127 128 1 1 0.8660254037844386 0.5000000000000000 1
127 130 3 3 0.0000000000000000 -1.0000000000000000 1
128 157 2 1 0.8660254037844386 -0.5000000000000000 1
129 134 2 2 -0.0976078924529988 -0.9952249491099405 1
129 130 3 1 0.8660254037844386 0.5000000000000000 1
131 134 1 1 -0.7071067811865474 0.7071067811865478 1
131 138 2 3 0.0255981257790998 -0.9996723142893361 1
131 141 3 2 0.8660254037844386 0.5000000000000000 1
132 136 3 3 0.5000000000000002 -0.8660254037844385 1
136 137 1 3 -0.5000000000000002 -0.8660254037844385 1
136 139 2 1 1.0000000000000000 0.0000000000000000 1
138 139 1 3 -0.6099425156372295 -0.7924456622495502 1
138 143 2 1 0.7340438307645124 -0.6791020943249697 1
140 141 2 3 -0.8660254037844386 0.5000000000000000 1
142 152 1 3 0.0000000000000000 1.0000000000000000 1
144 203 1 2 -0.5000000000000004 -0.8660254037844384 1
144 198 2 3 1.0000000000000000 0.0000000000000000 1
144 201 3 3 -0.5000000000000004 0.8660254037844384 1
145 147 1 2 0.7340438307645126 0.6791020943249693 1
145 153 2 1 -0.8660254037844384 0.5000000000000004 1
145 204 3 3 0.1912371457521437 -0.9815438625372650 1
146 208 1 3 0.5000000000000004 -0.8660254037844384 1
146 204 2 1 0.5430145814108675 0.8397232665439135 1
147 151 1 1 0.0255981257790998 0.9996723142893361 1
148 199 1 3 1.0000000000000000 0.0000000000000000 1
148 198 2 1 -0.5000000000000004 0.8660254037844384 1
148 200 3 1 -0.5000000000000000 -0.8660254037844386 1
149 169 1 2 0.5000000000000004 0.8660254037844384 1
149 176 3 2 0.5000000000000004 -0.8660254037844384 1
150 160 1 3 -0.8660254037844384 0.5000000000000004 1
150 154 2 1 0.0000000000000000 -1.0000000000000000 1
150 161 3 3 0.8660254037844384 0.5000000000000004 1
151 163 2 2 0.7071067811865476 0.7071067811865476 1
152 153 1 3 0.8660254037844384 0.5000000000000004 1
154 156 2 1 -0.8660254037844384 -0.5000000000000004 1
154 167 3 1 0.8660254037844384 -0.5000000000000004 1
155 159 3 3 0.8660254037844384 0.5000000000000004 1
156 159 3 2 0.0000000000000000 -1.0000000000000000 1
159 164 1 2 0.8660254037844384 -0.5000000000000004 1
162 170 1 1 -0.8660254037844384 0.5000000000000004 1
162 172 3 2 0.8805213182799299 0.4740065485355395 1
163 181 1 2 -0.0976078924529989 0.9952249491099405 1
163 182 3 3 0.9952249491099405 -0.0976078924529989 1
164 165 1 3 0.8660254037844384 0.5000000000000004 1
165 181 1 1 0.8660254037844389 -0.4999999999999997 1
165 167 2 2 0.0000000000000000 1.0000000000000000 1
166 167 1 3 -0.8660254037844389 -0.4999999999999997 1
168 171 1 3 0.6961303495293068 0.7179154103821740 1
169 182 1 1 -0.4999999999999997 0.8660254037844389 1
169 183 3 3 1.0000000000000000 0.0000000000000000 1
171 175 1 1 0.9949289634616080 -0.1005801057128601 1
171 174 2 2 -0.1311812307915287 0.9913584037511457 1
172 174 3 1 0.8363734751757692 -0.5481600222767135 1
173 175 2 3 -0.3161227720621482 -0.9487182895800750 1
175 177 2 1 0.5000000000000004 -0.8660254037844384 1
176 184 1 3 1.0000000000000000 0.0000000000000000 1
176 198 3 2 -0.5000000000000004 -0.8660254037844384 1
177 178 2 3 -0.4999999999999997 -0.8660254037844389 1
178 189 2 1 0.5000000000000004 -0.8660254037844384 1
179 180 1 2 -0.5456272377618378 0.8380279932152547 1
179 182 2 2 -0.5456272377618369 -0.8380279932152552 1
180 181 1 3 -0.8380279932152552 -0.5456272377618369 1
183 185 1 1 0.5000000000000004 -0.8660254037844384 1
183 187 2 2 0.4999999999999997 0.8660254037844389 1
184 191 1 3 0.5000000000000004 -0.8660254037844384 1
184 185 2 2 0.5000000000000004 0.8660254037844384 1
185 186 3 2 1.0000000000000000 0.0000000000000000 1
186 190 3 1 0.5000000000000004 -0.8660254037844384 1
187 188 3 2 1.0000000000000000 0.0000000000000000 1
188 189 1 2 0.4999999999999997 0.8660254037844389 1
190 192 2 1 -0.5000000000000004 -0.8660254037844384 1
191 199 1 2 -0.5000000000000000 -0.8660254037844386 1
191 192 2 2 1.0000000000000000 0.0000000000000000 1
192 193 3 1 0.5000000000000000 -0.8660254037844386 1
194 197 2 3 0.4999999999999997 0.8660254037844389 1
194 212 3 2 -1.0000000000000000 0.0000000000000000 1
195 231 1 1 0.5000000000000004 -0.8660254037844384 1
196 213 1 3 0.5456272377618373 -0.8380279932152550 1
196 212 2 1 0.4999999999999997 0.8660254037844389 1
196 210 3 2 -0.9952249491099405 -0.0976078924529989 1
197 199 2 1 -0.5000000000000004 0.8660254037844384 1
200 212 3 3 0.5000000000000000 -0.8660254037844386 1
201 204 2 2 -0.9971796358531873 0.0750518077044426 1
203 208 3 2 -1.0000000000000000 0.0000000000000000 1
205 209 2 3 0.6791020943249684 -0.7340438307645137 1
205 208 3 1 0.5000000000000000 0.8660254037844386 1
211 215 1 3 0.2067585570051807 -0.9783919966481407 1
211 213 2 1 0.5456272377618378 0.8380279932152547 1
213 214 2 1 1.0000000000000000 0.0000000000000000 1
214 228 2 1 0.5000000000000000 -0.8660254037844386 1
215 218 1 2 -0.8660254037844389 -0.4999999999999995 1
216 222 1 3 0.0000000000000000 -1.0000000000000000 1
217 223 3 2 -0.8660254037844389 0.4999999999999995 1
218 223 1 3 0.0000000000000000 -1.0000000000000000 1
219 222 1 2 -0.8660254037844385 0.5000000000000003 1
219 223 3 1 0.8660254037844389 0.4999999999999995 1
221 222 2 1 0.8660254037844380 0.5000000000000012 1
224 230 1 2 0.1311812307915285 0.9913584037511458 1
224 226 3 1 0.9613559538696620 -0.2753084269675601 1
225 228 1 2 0.5000000000000003 0.8660254037844386 1
225 230 3 1 0.6961303495293068 -0.7179154103821740 1
226 232 3 2 0.6827229422003305 0.7306773461613028 1
227 229 2 3 -0.5000000000000000 -0.8660254037844386 1
229 230 1 3 -0.9949289634616080 -0.1005801057128602 1
229 232 2 1 0.3161227720621487 -0.9487182895800749 1
3 0 1 0 -1.0000000000000000 0.0000000000000000 2
6 0 2 0 -1.0000000000000000 0.0000000000000000 2
12 0 3 0 0.0000000000000000 -1.0000000000000000 2
35 0 3 0 1.0000000000000000 0.0000000000000000 2
39 0 2 0 0.0000000000000000 -1.0000000000000000 2
42 0 1 0 1.0000000000000000 0.0000000000000000 2
44 0 1 0 0.0000000000000000 1.0000000000000000 2
57 0 1 0 -1.0000000000000000 0.0000000000000000 2
60 0 3 0 0.0000000000000000 -1.0000000000000000 2
62 0 2 0 0.0000000000000000 -1.0000000000000000 2
63 0 2 0 0.0000000000000000 -1.0000000000000000 2
69 0 1 0 0.0000000000000000 -1.0000000000000000 2
95 0 1 0 -1.0000000000000000 0.0000000000000000 2
97 0 3 0 -1.0000000000000000 0.0000000000000000 2
99 0 2 0 -1.0000000000000000 0.0000000000000000 2
106 0 2 0 -1.0000000000000000 0.0000000000000000 2
108 0 1 0 -1.0000000000000000 0.0000000000000000 2
111 0 3 0 -1.0000000000000000 0.0000000000000000 2
112 0 1 0 -1.0000000000000000 0.0000000000000000 2
113 0 3 0 0.0000000000000000 1.0000000000000000 2
120 0 3 0 0.0000000000000000 1.0000000000000000 2
121 0 3 0 0.0000000000000000 1.0000000000000000 2
122 0 3 0 0.0000000000000000 1.0000000000000000 2
158 0 2 0 0.0000000000000000 1.0000000000000000 2
160 0 1 0 0.0000000000000000 1.0000000000000000 2
161 0 2 0 0.0000000000000000 1.0000000000000000 2
170 0 2 0 0.0000000000000000 1.0000000000000000 2
172 0 1 0 0.0000000000000000 1.0000000000000000 2
173 0 3 0 1.0000000000000000 0.0000000000000000 2
177 0 3 0 1.0000000000000000 0.0000000000000000 2
189 0 3 0 1.0000000000000000 0.0000000000000000 2
190 0 3 0 1.0000000000000000 0.0000000000000000 2
193 0 3 0 1.0000000000000000 0.0000000000000000 2
217 0 1 0 0.0000000000000000 -1.0000000000000000 2
219 0 2 0 0.0000000000000000 -1.0000000000000000 2
221 0 1 0 0.0000000000000000 -1.0000000000000000 2
226 0 2 0 0.0000000000000000 -1.0000000000000000 2
227 0 3 0 1.0000000000000000 0.0000000000000000 2
231 0 3 0 1.0000000000000000 0.0000000000000000 2
232 0 3 0 1.0000000000000000 0.0000000000000000 2
