57 93 91
62 52 28
18 10 93
54 48 79
131 123 136
119 10 1
58 83 90
114 111 82
91 115 85
31 41 49
15 63 68
29 51 21
57 50 26
131 125 122
111 109 127
51 44 74
64 17 96
119 66 93
85 76 50
51 74 88
98 104 122
54 30 48
132 130 137
81 110 116
103 97 121
67 62 20
102 123 134
107 115 105
89 86 62
60 88 91
99 123 102
105 125 107
100 127 109
86 52 62
31 49 23
103 128 108
129 134 123
36 52 43
96 17 9
84 59 90
94 58 90
35 27 53
55 58 24
3 8 118
65 90 59
121 128 103
131 122 132
98 69 104
112 133 101
104 69 80
45 80 69
87 63 49
104 111 135
92 64 96
80 82 111
80 56 82
26 18 57
50 57 85
18 93 57
13 66 5
93 10 119
119 1 5
60 13 21
60 66 13
51 60 21
66 119 5
44 69 74
60 51 88
29 37 44
29 44 51
37 45 44
91 66 60
91 93 66
88 115 91
88 74 105
88 105 115
74 69 98
107 125 136
105 98 125
125 98 122
105 74 98
135 132 122
129 121 126
99 107 136
76 85 107
129 131 137
136 125 131
42 71 48
99 136 123
91 85 57
115 107 85
76 99 71
76 107 99
71 42 76
34 26 50
50 42 34
34 42 38
50 76 42
48 30 38
42 48 38
71 99 102
61 54 81
48 71 79
81 54 79
61 22 54
54 22 30
62 67 89
14 22 61
14 61 95
117 67 12
6 117 4
6 14 95
4 117 12
6 95 117
61 81 89
95 67 117
89 116 86
95 89 67
95 61 89
12 67 20
20 62 28
28 52 36
75 97 70
46 40 43
70 46 43
106 97 75
75 52 86
52 75 43
86 116 106
86 106 75
106 110 126
110 81 79
116 89 81
110 106 116
129 123 131
79 102 110
79 71 102
110 134 126
110 102 134
121 97 126
97 106 126
130 129 137
126 134 129
124 100 101
133 128 130
132 124 130
112 128 133
73 72 100
78 112 101
32 46 55
128 112 108
130 121 129
130 128 121
55 46 77
70 97 103
77 46 70
43 75 70
43 40 36
103 77 70
32 40 46
55 24 32
16 58 94
113 108 112
108 77 103
108 83 77
55 83 58
55 77 83
65 94 90
84 112 78
58 16 24
65 118 94
8 16 94
3 118 11
8 94 118
118 65 11
72 78 101
11 65 19
65 59 19
90 113 84
83 113 90
83 108 113
112 84 113
78 53 84
72 47 78
53 78 47
35 53 47
59 84 53
27 59 53
19 59 27
35 47 39
72 41 47
39 47 41
39 41 31
87 49 73
63 23 49
114 87 109
49 41 73
100 72 101
73 41 72
73 100 109
101 133 124
131 132 137
127 100 124
130 124 133
132 135 127
111 104 80
135 122 104
132 127 124
135 111 127
111 114 109
82 92 114
109 87 73
114 92 87
87 92 63
82 64 92
45 56 80
25 17 64
56 64 82
56 33 25
44 45 69
37 33 45
45 33 56
56 25 64
120 96 9
68 92 96
120 9 2
15 68 7
63 92 68
68 120 7
68 96 120
23 63 15
7 120 2
