 0.0000000000000000 0.0000000000000000
 1.0000000000000000 0.0000000000000000
 1.0000000000000000 1.0000000000000000
 0.0000000000000000 1.0000000000000000
 0.1000000000000000 0.0000000000000000
 0.0000000000000000 0.9000000000000000
 1.0000000000000000 0.1000000000000000
 0.9000000000000000 1.0000000000000000
 0.9000000000000000 0.0000000000000000
 0.0000000000000000 0.1000000000000000
 1.0000000000000000 0.9000000000000000
 0.1000000000000000 1.0000000000000000
 0.2000000000000000 0.0000000000000000
 0.0000000000000000 0.8000000000000000
 1.0000000000000000 0.2000000000000000
 0.8000000000000000 1.0000000000000000
 0.8000000000000000 0.0000000000000000
 0.0000000000000000 0.2000000000000000
 1.0000000000000000 0.8000000000000000
 0.2000000000000000 1.0000000000000000
 0.3000000000000000 0.0000000000000000
 0.0000000000000000 0.7000000000000001
 1.0000000000000000 0.3000000000000000
 0.7000000000000001 1.0000000000000000
 0.7000000000000001 0.0000000000000000
 0.0000000000000000 0.3000000000000000
 1.0000000000000000 0.7000000000000001
 0.3000000000000000 1.0000000000000000
 0.4000000000000000 0.0000000000000000
 0.0000000000000000 0.6000000000000001
 1.0000000000000000 0.4000000000000000
 0.6000000000000001 1.0000000000000000
 0.6000000000000001 0.0000000000000000
 0.0000000000000000 0.4000000000000000
 1.0000000000000000 0.6000000000000001
 0.4000000000000000 1.0000000000000000
 0.5000000000000000 0.0000000000000000
 0.0000000000000000 0.5000000000000000
 1.0000000000000000 0.5000000000000000
 0.5000000000000000 1.0000000000000000
 0.9133974596215562 0.4500000000000000
 0.0866025403784439 0.4500000000000000
 0.4500000000000000 0.9133974596215562
 0.4500000000000000 0.0866025403784439
 0.5499999999999999 0.0866025403784439
 0.5500000000000000 0.9133974596215562
 0.9133974596215562 0.5500000000000000
 0.0866025403784439 0.5500000000000000
 0.9133974596215562 0.3500000000000000
 0.0866025403784439 0.3500000000000000
 0.3500000000000000 0.0866025403784439
 0.3500000000000000 0.9133974596215562
 0.9133974596215562 0.6500000000000001
 0.0866025403784439 0.6500000000000001
 0.6500000000000001 0.9133974596215562
 0.6500000000000001 0.0866025403784439
 0.0866025403784439 0.2500000000000001
 0.7500000000000000 0.9133974596215562
 0.9133974596215562 0.7500000000000000
 0.2500000000000000 0.0866025403784439
 0.0866025403784439 0.7500000000000000
 0.2500000000000000 0.9133974596215562
 0.9133974596215562 0.2500000000000000
 0.7500000000000000 0.0866025403784439
 0.9133974596215562 0.8500000000000000
 0.1500000000000000 0.0866025403784439
 0.1500000000000000 0.9133974596215562
 0.9133974596215562 0.1500000000000000
 0.5000000000000000 0.1732050807568877
 0.5000000000000000 0.8267949192431123
 0.1732050807568877 0.5000000000000000
 0.8267949192431123 0.5000000000000000
 0.8267949192431123 0.4000000000000000
 0.4000000000000000 0.1732050807568877
 0.4000000000000000 0.8267949192431123
 0.1732050807568877 0.4000000000000000
 0.6000000000000001 0.8267949192431123
 0.8267949192431123 0.6000000000000001
 0.1732050807568877 0.6000000000000001
 0.6000000000000001 0.1732050807568877
 0.1732050807568877 0.7000000000000001
 0.7000000000000001 0.1732050807568877
 0.7000000000000001 0.8267949192431123
 0.8267949192431123 0.7000000000000001
 0.1732050807568877 0.3000000000000000
 0.3000000000000000 0.8267949192431123
 0.8267949192431123 0.3000000000000000
 0.3000000000000000 0.1732050807568877
 0.2000000000000000 0.8267949192431123
 0.8267949192431123 0.8000000000000000
 0.2000000000000000 0.1732050807568877
 0.8267949192431123 0.2000000000000000
 0.0837713240271471 0.1549038105676658
 0.8450961894323342 0.9162286759728529
 0.0837713240271471 0.8450961894323342
 0.8450961894323342 0.0837713240271471
 0.4500000000000000 0.7401923788646685
 0.4500000000000000 0.2598076211353316
 0.2598076211353316 0.4500000000000000
 0.7401923788646685 0.4500000000000000
 0.7401923788646685 0.5500000000000000
 0.2598076211353316 0.5500000000000000
 0.5500000000000000 0.7401923788646685
 0.5500000000000000 0.2598076211353316
 0.3500000000000000 0.2598076211353316
 0.3500000000000000 0.7401923788646685
 0.2598076211353316 0.3500000000000000
 0.6500000000000001 0.7401923788646685
 0.7401923788646685 0.3500000000000000
 0.2598076211353316 0.6500000000000001
 0.6500000000000001 0.2598076211353316
 0.7401923788646685 0.6500000000000001
 0.7500000000000000 0.7500000000000000
 0.7500000000000000 0.2500000000000001
 0.2500000000000000 0.2500000000000001
 0.2500000000000000 0.7500000000000000
 0.0737128788362633 0.9211095345464657
 0.9211095345464656 0.9262871211637367
 0.0737128788362633 0.0788904654535344
 0.9211095345464656 0.0737128788362633
 0.5000000000000000 0.6535898384862247
 0.5000000000000000 0.3464101615137755
 0.3464101615137755 0.5000000000000000
 0.6535898384862247 0.5000000000000000
 0.4000000000000000 0.3464101615137755
 0.4000000000000000 0.6535898384862247
 0.6535898384862247 0.4000000000000000
 0.6000000000000001 0.6535898384862247
 0.4500000000000000 0.5669872981077808
 0.5500000000000000 0.5669872981077808
 0.4500000000000000 0.4330127018922193
 0.5669872981077808 0.4500000000000000
 0.6602482481287102 0.5884672962016084
 0.3397517518712899 0.5884672962016084
 0.5884672962016083 0.3397517518712899
 0.3397517518712899 0.4115327037983917
 0.5000000000000000 0.5000000000000000
