 -0.5000000000000000 -0.5000000000000000
 0.5000000000000000 -0.5000000000000000
 0.5000000000000000 0.5000000000000000
 0.0000000000000000 0.5000000000000000
 0.0000000000000000 0.0000000000000000
 -0.5000000000000000 0.0000000000000000
 -0.4000000000000000 -0.5000000000000000
 -0.5000000000000000 -0.1000000000000000
 0.5000000000000000 -0.4000000000000000
 0.4000000000000000 0.5000000000000000
 0.0000000000000000 0.4000000000000000
 -0.1000000000000000 0.0000000000000000
 0.4000000000000000 -0.5000000000000000
 -0.5000000000000000 -0.4000000000000000
 0.5000000000000000 0.4000000000000000
 0.1000000000000000 0.5000000000000000
 0.0000000000000000 0.1000000000000000
 -0.4000000000000000 0.0000000000000000
 -0.3000000000000000 -0.5000000000000000
 -0.5000000000000000 -0.2000000000000000
 0.5000000000000000 -0.3000000000000000
 0.3000000000000000 0.5000000000000000
 0.0000000000000000 0.3000000000000000
 -0.2000000000000000 0.0000000000000000
 0.3000000000000000 -0.5000000000000000
 -0.5000000000000000 -0.3000000000000000
 0.5000000000000000 0.3000000000000000
 0.2000000000000000 0.5000000000000000
 0.0000000000000000 0.2000000000000000
 -0.3000000000000000 0.0000000000000000
 -0.2000000000000000 -0.5000000000000000
 0.5000000000000000 -0.2000000000000000
 0.2000000000000000 -0.5000000000000000
 0.5000000000000000 0.2000000000000000
 -0.1000000000000000 -0.5000000000000000
 0.5000000000000000 -0.1000000000000000
 0.1000000000000000 -0.5000000000000000
 0.5000000000000000 0.1000000000000000
 0.0000000000000000 -0.5000000000000000
 0.5000000000000000 0.0000000000000000
 0.1500000000000000 -0.4133974596215562
 0.4133974596215562 -0.1500000000000000
 -0.1500000000000000 -0.0866025403784439
 0.0866025403784439 0.1500000000000000
 -0.1500000000000000 -0.4133974596215562
 0.4133974596215562 0.1500000000000000
 0.0866025403784439 0.0500000000000000
 -0.0500000000000000 -0.0866025403784439
 0.0500000000000000 -0.4133974596215562
 0.4133974596215562 -0.0500000000000000
 -0.0500000000000000 -0.4133974596215562
 0.2500000000000000 0.4133974596215562
 0.4133974596215562 0.0500000000000000
 0.4133974596215562 0.2500000000000001
 0.2500000000000001 -0.4133974596215562
 -0.2500000000000000 -0.0866025403784439
 0.0866025403784439 0.2500000000000000
 -0.2500000000000001 -0.4133974596215562
 0.4133974596215562 -0.2500000000000001
 -0.4133974596215562 -0.2500000000000001
 0.4133974596215562 0.3500000000000000
 -0.3500000000000000 -0.4133974596215562
 0.1500000000000000 0.4133974596215562
 -0.4133974596215562 -0.1500000000000000
 0.4133974596215562 -0.3500000000000000
 0.2000000000000000 -0.3267949192431123
 0.3267949192431123 -0.2000000000000000
 0.1000000000000000 -0.3267949192431123
 0.3267949192431123 -0.1000000000000000
 0.0866025403784439 -0.0500000000000000
 -0.2000000000000000 -0.1732050807568877
 0.1732050807568877 0.2000000000000000
 -0.1000000000000000 -0.1732050807568877
 -0.1000000000000000 -0.3267949192431123
 0.1732050807568877 0.1000000000000000
 0.3267949192431123 0.1000000000000001
 0.0000000000000000 -0.3267949192431123
 0.3267949192431123 0.0000000000000000
 0.3267949192431123 0.2000000000000000
 -0.2000000000000000 -0.3267949192431123
 0.3267949192431123 -0.3000000000000000
 0.3267949192431123 0.3000000000000000
 -0.3000000000000000 -0.3267949192431123
 0.2000000000000000 0.3267949192431123
 -0.3267949192431123 -0.2000000000000000
 0.3450961894323342 0.4162286759728529
 0.0837713240271471 0.3450961894323342
 -0.4162286759728530 -0.3450961894323342
 0.3450961894323342 -0.4162286759728530
 -0.3450961894323342 -0.0837713240271471
 0.1500000000000000 -0.2401923788646685
 0.2401923788646685 -0.1500000000000001
 0.0500000000000000 -0.2401923788646685
 0.2401923788646685 -0.0500000000000000
 -0.2500000000000001 -0.2500000000000000
 -0.1500000000000000 -0.2500000000000000
 0.2500000000000001 0.1500000000000001
 0.2500000000000001 0.2500000000000001
 0.2500000000000001 -0.2500000000000001
 0.4211095345464657 -0.4262871211637367
 0.4211095345464656 0.4262871211637367
 0.0737128788362633 0.4211095345464656
 -0.4211095345464656 -0.0737128788362633
 -0.4262871211637367 -0.4211095345464656
 0.1000000000000000 -0.1511966128287415
 0.1685956120735970 0.0079838339553572
 -0.0420161660446428 -0.2448018475479592
 0.0000285581552358 -0.1633788658424903
 0.2500000000000001 0.0500294895941991
 0.1696643073067982 -0.1000000000000000
