56 43 24
101 15 3
102 11 87
72 57 44
22 52 86
79 76 46
95 71 85
83 80 95
104 62 88
95 80 96
58 80 83
26 14 88
19 31 58
104 88 14
44 29 17
102 4 11
16 4 102
6 8 103
71 95 96
107 73 96
31 35 45
39 37 49
47 44 17
46 38 34
76 78 53
69 78 94
57 72 84
109 78 76
49 77 51
53 78 50
50 69 42
109 106 94
41 49 37
42 36 50
91 110 105
65 81 89
42 59 32
55 41 33
1 104 14
1 7 104
7 19 62
31 45 58
104 7 62
62 19 58
45 35 51
51 39 49
55 66 41
89 55 25
80 45 74
80 58 45
45 51 74
35 39 51
90 85 56
80 74 96
68 77 49
74 51 77
108 73 107
107 74 77
74 107 96
108 105 70
93 107 77
93 108 107
20 60 64
88 62 83
60 83 85
62 58 83
73 71 96
85 83 95
60 20 26
26 88 60
83 60 88
85 64 60
90 64 85
8 20 64
43 56 71
56 85 71
70 5 48
12 24 43
73 43 71
103 8 64
48 43 73
48 12 43
90 18 103
18 6 103
90 30 18
24 30 56
30 90 56
103 64 90
5 12 48
23 87 11
63 16 102
28 16 63
102 87 63
23 29 57
75 72 44
87 23 57
106 47 70
97 76 79
108 70 48
47 17 5
106 75 47
57 29 44
73 108 48
105 110 70
94 106 110
47 5 70
93 105 108
92 91 99
110 106 70
109 75 106
47 75 44
109 76 97
61 101 86
84 87 57
109 97 75
84 63 87
98 97 79
72 75 97
98 84 72
86 10 22
84 52 63
82 84 98
28 52 22
28 63 52
97 98 72
82 86 52
84 82 52
54 34 27
82 61 86
10 86 101
61 15 101
3 10 101
79 82 98
79 46 54
54 61 82
27 15 61
46 53 38
78 69 50
54 46 34
76 53 46
61 54 27
82 79 54
38 53 40
94 92 69
32 36 42
32 59 21
42 69 67
81 67 99
59 42 67
40 50 36
40 53 50
93 91 105
67 69 92
110 91 92
93 77 68
92 94 110
78 109 94
41 68 49
91 93 68
92 99 67
91 68 66
67 81 59
99 66 81
81 66 55
99 91 66
33 41 37
66 68 41
55 33 25
89 25 13
100 89 13
81 55 89
100 13 2
59 65 21
59 81 65
65 100 9
65 89 100
65 9 21
9 100 2
