1 75 1 1 0.0000000000000000 -1.0000000000000000 1
1 78 2 2 0.8660254037844387 0.4999999999999999 1
1 86 3 3 -0.8660254037844387 0.4999999999999999 1
2 131 1 2 -0.3161227720621482 -0.9487182895800750 1
2 132 3 3 -0.6827229422003305 0.7306773461613026 1
3 16 1 3 -0.2753084269675595 0.9613559538696622 1
3 90 2 2 -0.5481600222767140 -0.8363734751757689 1
3 93 3 1 0.9913584037511457 0.1311812307915287 1
4 27 1 1 0.5000000000000001 0.8660254037844386 1
4 102 2 3 -1.0000000000000000 0.0000000000000000 1
4 95 3 2 0.4999999999999997 -0.8660254037844388 1
5 123 1 2 -0.8660254037844384 0.5000000000000004 1
5 126 2 2 0.0297589465480052 -0.9995571044719520 1
5 120 3 3 0.8805213182799295 0.4740065485355396 1
6 98 1 2 -1.0000000000000000 0.0000000000000000 1
6 140 2 3 0.4999999999999998 -0.8660254037844387 1
6 134 3 1 0.5000000000000003 0.8660254037844386 1
7 19 1 1 0.8380279932152545 -0.5456272377618380 1
7 76 2 2 -0.2067585570051806 0.9783919966481407 1
7 68 3 3 -0.5456272377618376 -0.8380279932152549 1
8 11 1 2 0.0000000000000000 -1.0000000000000000 1
8 10 2 1 0.8380279932152549 0.5456272377618375 1
8 68 3 2 -0.8380279932152550 0.5456272377618373 1
9 43 1 3 0.1005801057128601 -0.9949289634616080 1
9 64 2 1 0.7179154103821737 0.6961303495293071 1
9 14 3 1 -0.9913584037511458 0.1311812307915280 1
10 54 2 3 0.8380279932152549 -0.5456272377618375 1
10 19 3 2 0.0000000000000000 1.0000000000000000 1
11 50 1 1 0.8660254037844386 -0.5000000000000003 1
11 66 3 2 -0.8660254037844386 -0.5000000000000000 1
12 14 2 2 0.5481600222767140 -0.8363734751757689 1
12 70 3 1 0.4740065485355399 0.8805213182799294 1
13 42 2 3 0.8660254037844386 0.5000000000000003 1
13 44 3 2 -0.8660254037844386 0.5000000000000000 1
14 39 3 2 -0.2753084269675603 -0.9613559538696620 1
15 102 1 2 0.4999999999999999 0.8660254037844387 1
15 23 3 2 0.5000000000000001 -0.8660254037844386 1
16 17 1 2 0.7306773461613031 0.6827229422003301 1
17 91 3 2 0.9487182895800749 -0.3161227720621487 1
18 80 2 1 0.3161227720621483 -0.9487182895800749 1
18 84 3 2 0.6827229422003304 0.7306773461613030 1
19 67 3 2 0.8380279932152549 0.5456272377618376 1
20 57 1 2 0.7771145591156635 0.6293591677337098 1
20 67 2 3 -0.8380279932152548 0.5456272377618376 1
20 59 3 2 0.0480825684150989 -0.9988433644043532 1
21 45 2 1 0.8660254037844386 0.5000000000000000 1
21 42 3 1 -0.8660254037844386 0.5000000000000003 1
22 33 2 2 0.8660254037844386 0.5000000000000003 1
22 46 3 2 -0.8660254037844386 0.5000000000000003 1
23 111 1 3 1.0000000000000000 0.0000000000000000 1
23 100 3 1 -0.4999999999999999 -0.8660254037844387 1
24 137 1 3 -0.5000000000000000 -0.8660254037844386 1
24 139 3 2 -0.5000000000000003 0.8660254037844386 1
25 28 1 2 -1.0000000000000000 0.0000000000000000 1
25 30 2 1 0.5000000000000002 -0.8660254037844386 1
25 140 3 1 0.5000000000000004 0.8660254037844384 1
26 138 1 1 1.0000000000000000 0.0000000000000000 1
26 157 2 3 -0.5000000000000001 0.8660254037844386 1
26 144 3 3 -0.5000000000000001 -0.8660254037844386 1
27 119 2 2 0.9783919966481407 -0.2067585570051806 1
27 114 3 3 -0.5607344538732016 0.8279956957856256 1
28 157 1 1 -0.5458531800370048 -0.8378808422702414 1
28 112 3 1 -0.5454011764381510 0.8381751348852343 1
29 55 1 2 0.8660254037844386 0.5000000000000002 1
29 56 2 2 -0.8660254037844385 0.5000000000000003 1
29 46 3 3 0.0000000000000000 -1.0000000000000000 1
30 138 2 3 -0.5000000000000003 -0.8660254037844385 1
30 151 3 2 1.0000000000000000 0.0000000000000000 1
31 138 1 2 -0.5000000000000001 0.8660254037844386 1
31 147 2 1 -0.5000000000000001 -0.8660254037844386 1
31 34 3 3 1.0000000000000000 0.0000000000000000 1
32 110 1 3 -0.4589056598244323 0.8884850000878477 1
32 105 2 1 -0.6293591677337097 -0.7771145591156637 1
32 157 3 2 0.9952277440318442 -0.0975793908019815 1
33 158 1 3 0.0000000000000000 1.0000000000000000 1
33 166 3 2 0.8660254037844386 -0.5000000000000000 1
34 145 1 2 0.5000000000000000 -0.8660254037844386 1
34 150 2 2 0.5000000000000003 0.8660254037844386 1
35 154 1 1 0.9903054621867968 -0.1389067729198064 1
35 104 2 1 -0.5921866513913308 0.8058008252129819 1
35 152 3 2 -0.8718270746454586 -0.4898137931042184 1
36 174 1 2 0.5000000000000000 0.8660254037844386 1
36 171 2 3 -0.9878291611472619 -0.1555427542095635 1
36 176 3 1 0.6961303495293071 -0.7179154103821737 1
37 149 1 1 -1.0000000000000000 0.0000000000000000 1
37 146 2 1 0.5000000000000007 -0.8660254037844384 1
37 145 3 3 0.5000000000000003 0.8660254037844386 1
38 47 1 3 0.0000000000000000 1.0000000000000000 1
38 166 2 1 -0.8660254037844386 -0.5000000000000003 1
38 168 3 1 0.8660254037844386 -0.5000000000000003 1
39 40 1 3 0.7306773461613030 -0.6827229422003303 1
40 43 2 1 0.9487182895800749 0.3161227720621488 1
41 44 2 1 0.8660254037844386 0.5000000000000000 1
41 43 3 2 -0.8660254037844386 0.5000000000000000 1
42 50 2 2 0.0000000000000000 1.0000000000000000 1
44 66 3 1 0.0000000000000000 1.0000000000000000 1
45 52 2 3 0.8660254037844386 -0.5000000000000003 1
45 51 3 1 0.0000000000000000 1.0000000000000000 1
46 52 1 2 -0.8660254037844386 -0.5000000000000003 1
47 164 1 2 0.8660254037844386 0.5000000000000003 1
47 167 2 3 -0.8660254037844386 0.5000000000000003 1
48 171 1 2 0.0297589465480058 0.9995571044719520 1
48 168 2 3 -0.8660254037844386 -0.5000000000000000 1
48 169 3 1 0.8805213182799294 -0.4740065485355399 1
49 50 1 3 -0.8660254037844386 -0.5000000000000003 1
49 51 2 3 0.8660254037844386 -0.5000000000000001 1
49 54 3 1 0.0000000000000000 1.0000000000000000 1
51 56 2 1 0.8660254037844386 0.5000000000000001 1
53 73 1 3 -0.9878291611472621 -0.1555427542095631 1
53 76 2 1 0.8279956957856256 -0.5607344538732016 1
53 87 3 2 0.0297589465480052 0.9995571044719520 1
54 59 2 3 0.8380279932152549 0.5456272377618373 1
55 155 1 2 0.0000000000000000 1.0000000000000000 1
55 158 3 2 0.8660254037844386 -0.5000000000000001 1
56 58 3 2 0.0000000000000000 1.0000000000000000 1
57 103 1 1 -0.0977635218869314 0.9952096732790852 1
57 62 3 2 0.8885318705275758 -0.4588149028276732 1
58 59 1 1 -0.8164685233267169 0.5773899465843601 1
58 61 3 2 0.8899565248086578 0.4560453748811590 1
60 107 1 2 0.1209625408093888 -0.9926570725688388 1
60 104 2 3 0.9913499355788978 0.1312452103039004 1
60 99 3 1 -0.7947889217084457 0.6068859612229685 1
61 62 1 3 -0.0500313824788477 0.9987476461885932 1
61 155 3 1 0.8660254037844386 -0.5000000000000000 1
62 107 1 3 0.8382308407014041 0.5453155579084621 1
63 69 1 1 -0.5000000000000004 -0.8660254037844384 1
63 72 2 2 1.0000000000000000 0.0000000000000000 1
63 74 3 2 -0.5000000000000003 0.8660254037844386 1
64 66 2 3 0.8660254037844386 -0.5000000000000000 1
64 71 3 3 -0.1555427542095635 0.9878291611472619 1
65 71 1 1 -0.5607344538732014 -0.8279956957856257 1
65 68 2 1 0.9783919966481407 0.2067585570051806 1
65 72 3 3 -0.5000000000000004 0.8660254037844384 1
67 79 1 3 0.0000000000000000 1.0000000000000000 1
69 70 3 3 0.5000000000000000 -0.8660254037844386 1
70 71 2 2 0.9995571044719520 -0.0297589465480058 1
72 73 1 2 0.5000000000000003 0.8660254037844386 1
73 88 1 2 -0.6961303495293065 0.7179154103821742 1
74 80 3 2 0.5000000000000000 0.8660254037844386 1
75 76 2 3 -0.8660254037844387 -0.4999999999999999 1
75 79 3 2 0.8660254037844387 -0.4999999999999999 1
77 106 1 2 0.4999999999999999 0.8660254037844387 1
77 89 2 3 -0.8660254037844386 0.5000000000000001 1
77 99 3 2 0.2588190451025208 -0.9659258262890682 1
78 82 3 2 0.8660254037844386 -0.5000000000000001 1
79 81 1 2 0.8660254037844386 0.5000000000000000 1
80 88 3 1 0.9949289634616082 0.1005801057128595 1
81 82 1 3 0.0000000000000000 1.0000000000000000 1
81 103 3 3 0.8660254037844386 -0.5000000000000000 1
82 89 1 2 0.8660254037844387 0.4999999999999999 1
83 85 1 3 0.8363734751757689 0.5481600222767140 1
83 84 2 3 -0.9613559538696622 0.2753084269675594 1
83 88 3 3 -0.1311812307915283 -0.9913584037511458 1
85 87 1 1 0.8805213182799300 -0.4740065485355391 1
86 87 2 3 -0.8660254037844385 -0.5000000000000003 1
90 96 1 1 0.4740065485355391 -0.8805213182799300 1
91 92 1 2 0.8660254037844386 0.5000000000000000 1
91 93 3 3 -0.1005801057128594 -0.9949289634616082 1
92 124 3 1 0.8660254037844386 -0.5000000000000003 1
93 116 2 2 0.7179154103821742 -0.6961303495293065 1
94 102 2 1 0.4999999999999999 -0.8660254037844387 1
94 96 3 2 0.5000000000000003 0.8660254037844385 1
95 118 1 1 1.0000000000000000 0.0000000000000000 1
95 111 3 2 -0.5000000000000003 -0.8660254037844385 1
96 114 3 2 0.9995571044719520 0.0297589465480052 1
97 101 1 3 0.4560453748811592 0.8899565248086577 1
97 106 2 3 -1.0000000000000000 0.0000000000000000 1
97 109 3 2 0.5773899465843598 -0.8164685233267172 1
98 112 1 2 -0.5456272377618376 -0.8380279932152549 1
98 117 3 2 -0.5456272377618376 0.8380279932152549 1
99 103 3 2 -0.8378250298370129 -0.5459388421596401 1
100 106 3 1 0.5000000000000001 -0.8660254037844386 1
101 110 1 2 0.9987476461885931 -0.0500313824788477 1
101 111 2 1 -0.4999999999999997 0.8660254037844388 1
104 109 2 3 0.5157310024434400 0.8567505664536700 1
105 109 2 1 -0.9999510301965369 -0.0098963229981951 1
105 156 3 2 0.5783455375966599 -0.8157919092158431 1
107 152 1 3 0.8718270746454586 -0.4898137931042182 1
108 154 1 2 -0.7071067811865474 0.7071067811865476 1
108 165 2 1 -0.0976078924529996 -0.9952249491099405 1
108 160 3 1 0.9952249491099404 0.0976078924529996 1
110 115 1 3 0.5454011764381501 0.8381751348852350 1
112 115 3 1 -1.0000000000000000 0.0000000000000000 1
113 131 1 3 0.9949289634616080 -0.1005801057128602 1
113 130 2 2 -0.1311812307915280 0.9913584037511458 1
113 129 3 2 -0.6961303495293068 -0.7179154103821740 1
114 116 1 3 0.1555427542095631 0.9878291611472621 1
115 118 2 2 -0.5456272377618380 0.8380279932152546 1
116 121 1 3 0.8660254037844386 0.5000000000000003 1
117 125 1 1 -1.0000000000000000 0.0000000000000000 1
117 133 3 3 0.5456272377618378 0.8380279932152547 1
118 125 3 3 0.5456272377618369 0.8380279932152552 1
119 122 1 2 0.8380279932152545 0.5456272377618380 1
119 125 3 2 0.5456272377618380 -0.8380279932152546 1
120 130 1 1 0.8363734751757690 -0.5481600222767138 1
121 127 1 3 0.8660254037844386 -0.5000000000000000 1
121 124 2 2 0.0000000000000000 1.0000000000000000 1
122 127 1 1 0.2067585570051806 0.9783919966481407 1
122 133 3 2 0.5456272377618376 -0.8380279932152549 1
123 124 1 3 -0.8660254037844386 -0.5000000000000000 1
126 129 1 3 0.9878291611472619 -0.1555427542095636 1
126 127 3 2 -0.8279956957856256 -0.5607344538732018 1
128 139 1 3 -0.5000000000000003 -0.8660254037844386 1
128 141 3 2 -0.5000000000000000 0.8660254037844386 1
129 135 1 2 0.5000000000000000 -0.8660254037844386 1
130 132 3 2 0.9613559538696620 0.2753084269675600 1
131 136 1 2 0.5000000000000000 -0.8660254037844386 1
133 142 1 1 1.0000000000000000 0.0000000000000000 1
134 139 2 1 1.0000000000000000 0.0000000000000000 1
134 142 3 2 -0.5000000000000003 0.8660254037844386 1
135 141 1 1 1.0000000000000000 0.0000000000000000 1
135 142 3 3 -0.5000000000000000 -0.8660254037844386 1
136 141 3 3 -0.5000000000000000 -0.8660254037844386 1
137 140 1 2 -1.0000000000000000 0.0000000000000000 1
137 143 2 1 0.5000000000000003 -0.8660254037844386 1
143 151 2 1 -0.5000000000000003 -0.8660254037844386 1
144 156 1 1 -1.0000000000000000 0.0000000000000000 1
144 153 2 2 0.5000000000000002 -0.8660254037844386 1
146 173 2 3 -0.4999999999999997 -0.8660254037844389 1
147 153 2 1 -1.0000000000000000 0.0000000000000000 1
147 149 3 2 0.5000000000000003 -0.8660254037844386 1
148 162 1 1 1.0000000000000000 0.0000000000000000 1
148 160 2 2 -0.5456272377618378 0.8380279932152547 1
148 163 3 3 -0.5456272377618376 -0.8380279932152549 1
149 162 3 3 -0.5000000000000007 -0.8660254037844384 1
150 151 1 3 -0.5000000000000003 0.8660254037844386 1
152 159 1 1 0.0000000000000000 -1.0000000000000000 1
153 160 3 3 -0.4999999999999999 -0.8660254037844387 1
154 156 3 3 0.5783455375966597 0.8157919092158432 1
155 159 3 2 0.8660254037844386 0.5000000000000001 1
158 167 1 2 0.8660254037844386 0.5000000000000001 1
159 161 3 1 0.8660254037844386 -0.5000000000000000 1
161 167 2 1 0.0000000000000000 -1.0000000000000000 1
161 165 3 2 0.8660254037844386 0.5000000000000001 1
162 174 2 1 0.4999999999999997 -0.8660254037844389 1
163 165 1 3 -0.8380279932152547 0.5456272377618378 1
163 164 2 1 0.2067585570051807 -0.9783919966481407 1
164 171 3 1 0.8279956957856257 -0.5607344538732014 1
169 170 3 2 0.8363734751757689 0.5481600222767140 1
170 176 1 2 0.1311812307915272 0.9913584037511458 1
170 172 3 1 0.9613559538696619 -0.2753084269675607 1
172 178 3 2 0.6827229422003307 0.7306773461613024 1
173 174 1 3 -1.0000000000000000 0.0000000000000000 1
173 177 2 3 0.5000000000000000 -0.8660254037844386 1
175 176 1 3 -0.9949289634616080 -0.1005801057128609 1
175 178 2 1 0.3161227720621485 -0.9487182895800750 1
175 177 3 1 0.5000000000000000 0.8660254037844386 1
2 0 2 0 1.0000000000000000 0.0000000000000000 -2
12 0 1 0 -1.0000000000000000 0.0000000000000000 -2
13 0 1 0 0.0000000000000000 -1.0000000000000000 -2
15 0 2 0 -1.0000000000000000 0.0000000000000000 -2
16 0 2 0 -1.0000000000000000 0.0000000000000000 -2
17 0 1 0 0.0000000000000000 1.0000000000000000 -2
18 0 1 0 -1.0000000000000000 0.0000000000000000 -2
21 0 1 0 0.0000000000000000 -1.0000000000000000 -2
22 0 1 0 0.0000000000000000 -1.0000000000000000 -2
24 0 2 0 1.0000000000000000 0.0000000000000000 -2
39 0 3 0 -1.0000000000000000 0.0000000000000000 -2
40 0 1 0 0.0000000000000000 -1.0000000000000000 -2
41 0 1 0 0.0000000000000000 -1.0000000000000000 -2
52 0 1 0 0.0000000000000000 -1.0000000000000000 -2
69 0 2 0 -1.0000000000000000 0.0000000000000000 -2
74 0 1 0 -1.0000000000000000 0.0000000000000000 -2
78 0 1 0 0.0000000000000000 1.0000000000000000 -2
84 0 1 0 0.0000000000000000 1.0000000000000000 -2
85 0 2 0 0.0000000000000000 1.0000000000000000 -2
86 0 1 0 0.0000000000000000 1.0000000000000000 -2
89 0 1 0 0.0000000000000000 1.0000000000000000 -2
90 0 3 0 -1.0000000000000000 0.0000000000000000 -2
92 0 1 0 0.0000000000000000 1.0000000000000000 -2
94 0 1 0 -1.0000000000000000 0.0000000000000000 -2
100 0 2 0 -1.0000000000000000 0.0000000000000000 -2
120 0 2 0 0.0000000000000000 1.0000000000000000 -2
123 0 3 0 0.0000000000000000 1.0000000000000000 -2
128 0 2 0 1.0000000000000000 0.0000000000000000 -2
132 0 1 0 0.0000000000000000 1.0000000000000000 -2
136 0 1 0 1.0000000000000000 0.0000000000000000 -2
143 0 3 0 1.0000000000000000 0.0000000000000000 -2
145 0 1 0 1.0000000000000000 0.0000000000000000 -2
146 0 3 0 1.0000000000000000 0.0000000000000000 -2
150 0 3 0 1.0000000000000000 0.0000000000000000 -2
166 0 3 0 0.0000000000000000 -1.0000000000000000 -2
168 0 2 0 0.0000000000000000 -1.0000000000000000 -2
169 0 2 0 0.0000000000000000 -1.0000000000000000 -2
172 0 2 0 0.0000000000000000 -1.0000000000000000 -2
177 0 2 0 1.0000000000000000 0.0000000000000000 -2
178 0 3 0 1.0000000000000000 0.0000000000000000 -2
